k = 0 	 ENS = 98575.410446 :  time: 8.928822 secs
k = 1 	 ENS = 73457.203716 : (2216,2235),  time: 42.641811 secs
k = 2 	 ENS = 51488.355978 : (1846,1678), (2216,2235),  time: 3553.157773 secs
k = 3 	 ENS = 50620.927636 : (1416,1621), (1515,1501), (1846,1678),  time: 3600.112459 secs
Total time: 7204.840865 secs