k = 0 	 ENS = 98575.259622 :  time: 66.623659 secs
k = 1 	 ENS = 73457.099343 : (3386,3561),  time: 617.246502 secs
k = 2 	 ENS = 98437.030116 : (1981,827), (2593,1642),  time: 3601.139009 secs
k = 3 	 ENS = 98114.915079 : (1981,827), (2593,1642), (3264,2888),  time: 3600.992997 secs
Total time: 7886.002167 secs